time
9233
9400
9473
10051
10325
10565
10723
10779
10840
10988
11038
11064
11073
11156
11318
11393
11462
11693
11793
11891
11931
11933
11940
11977
11981
12028
12039
12070
12083
12124
12130
12145
12149
12172
12222
12231
12241
12259
12282
12332
12336
12337
12352
12375
12403
12419
12421
12444
12464
12480
12484
12495
12526
12535
12541
12552
12562
12570
12593
12596
12603
12660
12695
12701
12712
12722
12722
12722
12726
12741
12755
12767
12776
12798
12801
12801
12814
12817
12824
12832
12858
12863
12873
12884
12896
12917
12926
12932
12943
12944
12947
12950
12953
12955
12959
12961
12966
12967
12975
12982
12991
12991
12993
12994
13020
13025
13025
13030
13044
13045
13047
13052
13056
13063
13071
13087
13089
13091
13095
13116
13132
13133
13136
13161
13176
13184
13196
13199
13205
13214
13233
13234
13236
13238
13258
13264
13265
13267
13269
13278
13278
13282
13285
13287
13294
13299
13302
13304
13330
13334
13339
13340
13348
13352
13357
13358
13369
13374
13377
13379
13385
13401
13422
13443
13449
13456
13476
13481
13489
13493
13502
13502
13512
13518
13524
13537
13538
13542
13543
13545
13547
13555
13558
13564
13573
13575
13579
13580
13583
13593
13601
13616
13617
13618
13635
13650
13668
13670
13672
13676
13681
13682
13699
13724
13745
13749
13766
13786
13787
13787
13791
13794
13797
13803
13805
13817
13824
13828
13841
13845
13856
13864
13868
13876
13882
13883
13891
13892
13902
13906
13910
13923
13927
13932
13933
13935
13938
13940
13945
13957
13965
13967
13976
14003
14003
14007
14011
14013
14021
14023
14029
14031
14056
14059
14070
14077
14096
14097
14099
14105
14108
14109
14114
14114
14117
14118
14124
14127
14131
14132
14135
14137
14147
14154
14155
14157
14163
14164
14171
14172
14178
14180
14181
14184
14194
14201
14207
14224
14227
14237
14238
14241
14242
14243
14249
14258
14258
14264
14276
14282
14285
14295
14296
14302
14306
14308
14308
14311
14311
14321
14335
14338
14342
14345
14345
14347
14356
14357
14357
14360
14373
14373
14378
14381
14381
14383
14384
14386
14386
14387
14392
14395
14403
14404
14409
14416
14417
14418
14419
14420
14422
14424
14439
14445
14447
14448
14448
14459
14461
14467
14476
14476
14484
14490
14492
14493
14494
14496
14501
14511
14511
14512
14512
14526
14528
14532
14534
14538
14538
14541
14542
14549
14550
14550
14551
14554
14555
14556
14557
14565
14565
14566
14568
14571
14575
14583
14585
14595
14603
14609
14617
14618
14619
14620
14623
14626
14626
14630
14636
14636
14640
14640
14644
14649
14654
14659
14660
14674
14676
14676
14681
14683
14685
14687
14694
14697
14704
14705
14707
14710
14719
14730
14738
14763
14772
14773
14778
14778
14799
14801
14804
14807
14812
14812
14821
14827
14835
14838
14842
14853
14862
14864
14864
14867
14867
14867
14867
14872
14875
14879
14882
14895
14911
14911
14916
14917
14927
14929
14931
14934
14946
14963
14964
14964
14974
14984
14986
14994
15014
15019
15024
15030
15033
15040
15041
15046
15049
15049
15049
15050
15052
15054
15074
15082
15082
15083
15085
15085
15086
15086
15088
15090
15093
15106
15107
15113
15114
15115
15128
15128
15132
15132
15135
15138
15140
15144
15151
15152
15155
15163
15168
15170
15171
15172
15175
15178
15178
15180
15181
15186
15193
15200
15212
15215
15229
15244
15252
15262
15266
15270
15276
15281
15289
15294
15308
15316
15319
15345
15360
15385
15387
15399
15414
15427
15428
15433
15437
15449
15455
15459
15461
15474
15479
15490
15500
15507
15509
15511
15525
15527
15529
15542
15546
15546
15552
15555
15559
15566
15567
15568
15569
15570
15588
15589
15593
15594
15597
15600
15614
15624
15627
15629
15630
15638
15639
15649
15668
15674
15682
15686
15688
15688
15690
15690
15696
15696
15699
15708
15709
15711
15723
15732
15738
15738
15738
15760
15768
15772
15773
15776
15777
15777
15777
15778
15786
15800
15801
15806
15806
15809
15811
15818
15819
15830
15843
15843
15848
15850
15866
15866
15869
15875
15876
15881
15882
15885
15906
15915
15919
15925
15925
15926
15929
15939
15946
15946
15949
15950
15952
15960
15964
15969
15971
15973
15975
15984
15991
15998
15999
16001
16006
16006
16006
16015
16040
16045
16048
16048
16050
16051
16052
16064
16064
16065
16073
16075
16076
16094
16094
16095
16102
16102
16105
16107
16107
16107
16130
16132
16133
16136
16136
16141
16150
16170
16171
16185
16186
16189
16191
16193
16194
16196
16202
16211
16211
16212
16217
16221
16229
16233
16240
16248
16259
16260
16287
16291
16292
16297
16303
16312
16320
16321
16326
16326
16327
16330
16332
16336
16337
16342
16344
16348
16362
16377
16379
16380
16381
16382
16391
16391
16405
16413
16420
16422
16423
16426
16426
16426
16427
16437
16443
16445
16446
16449
16450
16455
16467
16467
16468
16468
16470
16475
16477
16486
16487
16492
16494
16495
16509
16538
16539
16541
16543
16553
16576
16578
16578
16587
16597
16599
16605
16605
16606
16607
16609
16624
16638
16638
16643
16649
16652
16662
16665
16669
16672
16674
16675
16675
16676
16679
16681
16682
16684
16695
16700
16701
16702
16706
16708
16710
16715
16717
16724
16725
16727
16732
16736
16744
16747
16747
16753
16755
16758
16758
16764
16766
16771
16782
16785
16785
16790
16795
16808
16815
16821
16827
16846
16848
16853
16854
16863
16867
16869
16892
16894
16895
16896
16897
16901
16904
16914
16915
16920
16926
16934
16950
16986
16986
16986
17000
17003
17006
17023
17023
17026
17052
17058
17081
17083
17084
17090
17117
17119
17135
17144
17153
17160
17166
17168
17171
17197
17204
17223
17225
17229
17230
17230
17245
17247
17251
17262
17266
17266
17267
17271
17272
17272
17274
17278
17286
17301
17304
17305
17305
17313
17319
17322
17328
17339
17342
17355
17358
17358
17359
17359
17361
17364
17384
17391
17392
17400
17404
17404
17418
17437
17446
17458
17461
17474
17480
17480
17480
17490
17520
17521
17521
17528
17529
17534
17534
17537
17542
17543
17546
17548
17548
17550
17569
17581
17585
17598
17598
17608
17608
17624
17631
17637
17647
17651
17664
17669
17680
17680
17691
17701
17706
17712
17727
17729
17743
17745
17751
17754
17760
17761
17761
17762
17763
17764
17776
17778
17789
17793
17794
17798
17799
17808
17812
17818
17819
17823
17829
17847
17866
17870
17897
17918
17931
17952
17968
17991
18003
18003
18026
18030
18046
18059
18082
18087
18094
18097
18103
18114
18118
18131
18149
18150
18156
18175
18186
18210
18221
18227
18230
18232
18237
18237
18247
18253
18254
18264
18268
18274
18279
18295
18326
18329
18335
18338
18350
18356
18374
18388
18419
18428
18434
18451
18455
18458
18460
18462
18476
18476
18512
18513
18534
18589
18592
18610
18616
18618
18647
18648
18649
18664
18677
18686
18688
18690
18707
18716
18733
18756
18768
18782
18787
18800
18804
18854
18881
18884
18894
18895
18933
18947
18952
18976
18977
18978
18997
19003
19006
19033
19040
19042
19044
19058
19087
19186
19207
19213
19213
19224
19255
19262
19276
19334
19345
19369
19370
19372
19384
19400
19402
19407
19409
19462
19467
19479
19508
19524
19534
19541
19552
19569
19570
19599
19615
19616
19633
19647
19651
19660
19670
19671
19695
19697
19704
19705
19706
19712
19724
19756
19768
19777
19785
19788
19792
19793
19815
19826
19836
19856
19924
19933
19958
19977
19999
20027
20090
20101
20105
20131
20265
20285
20286
20305
20339
20348
20351
20352
20400
20401
20489
20490
20511
20554
20646
20671
20718
20783
20798
20802
20871
20872
20894
20917
20946
20949
21010
21053
21057
21057
21087
21208
21282
21288
21291
21322
21327
21380
21420
21460
21469
21480
21498
21589
21595
