HR
0
0
0
0
0
0
0
0
0
0
0
0
0
0
0
0
0
0
0
0
0
0
0
0
0
0
0
0
1
0
0
0
0
0
0
0
0
0
0
0
0
0
0
0
0
0
0
0
0
2
0
0
0
0
0
0
0
0
0
0
0
0
0
0
0
0
0
0
0
0
0
0
0
0
0
0
0
0
0
0
0
1
0
0
0
0
0
0
0
0
0
0
0
0
0
0
0
0
0
0
0
0
0
0
0
0
0
0
0
0
1
0
0
0
0
0
0
0
0
1
0
0
0
0
2
0
0
0
0
0
1
0
0
1
0
1
0
0
0
0
1
0
1
0
0
0
0
0
0
0
0
1
0
2
0
0
0
0
0
0
0
0
0
1
1
0
0
0
0
0
3
0
0
0
0
0
0
1
0
0
1
2
0
0
0
0
0
0
0
0
0
0
0
0
0
0
0
0
0
1
0
0
0
2
0
0
0
0
0
1
0
0
1
0
0
0
0
2
1
0
0
0
0
0
0
0
0
1
1
0
1
0
0
1
0
0
0
0
0
2
0
0
1
0
0
4
0
3
0
4
0
0
0
0
0
0
2
0
0
0
0
1
0
1
0
0
4
1
0
0
0
1
0
0
0
3
0
0
0
0
0
0
0
0
2
0
1
0
1
0
0
0
0
1
0
0
0
0
0
0
1
0
0
2
0
0
0
0
0
0
0
2
0
0
2
2
1
0
0
0
1
0
0
0
0
0
0
2
0
2
0
0
0
0
0
0
1
0
0
0
0
0
1
0
0
0
5
1
0
0
0
1
0
2
0
0
0
0
0
0
0
4
0
0
0
3
2
0
0
1
0
2
0
0
3
4
0
2
0
0
0
3
0
0
0
1
0
3
0
0
5
0
3
6
0
0
3
1
1
2
0
1
0
1
0
3
0
1
0
0
0
0
2
0
0
0
6
3
0
2
0
0
1
4
0
0
0
0
1
1
0
0
0
0
0
0
1
0
5
0
7
1
0
0
0
0
4
0
1
0
0
2
0
0
0
0
0
3
2
4
2
0
5
0
0
0
2
7
2
1
5
6
5
1
2
0
0
3
0
0
0
8
12
6
3
2
0
4
1
2
0
0
0
2
3
0
1
0
4
2
2
2
1
4
4
6
5
7
5
0
5
1
0
0
3
3
2
4
2
5
13
6
6
8
2
16
3
0
2
10
2
0
1
6
8
0
1
7
5
8
4
2
15
3
21
16
8
13
9
5
2
1
11
20
12
2
8
3
8
20
2
6
18
15
13
10
4
6
8
2
7
0
10
18
14
5
11
10
12
9
5
7
10
5
2
20
17
6
1
21
5
7
7
6
3
22
16
6
7
1
15
17
25
2
12
13
12
13
18
5
21
14
3
7
24
5
15
18
11
2
17
3
28
9
17
5
9
1
13
12
35
1
29
9
27
16
18
22
27
17
21
18
3
4
7
12
9
23
27
25
23
28
5
11
15
3
6
1
11
46
25
46
28
26
14
46
26
32
13
14
35
20
37
54
19
24
18
8
40
16
23
7
34
12
16
9
6
5
3
41
2
29
17
61
3
11
45
7
