"Year"	"Tms"	"N.Pitch"	"PitchAge"	"R"	"ERA"	"G"	"GF"	"CG"	"SHO"	"SV"	"IP"	"H"	"ER"	"HR"	"BB"	"IBB"	"SO"	"HBP"	"BK"	"WP"	"BF"	"WHIP"	"H.9"	"HR.9"	"BB.9"	"SO.9"	"SO.BB"	"E"	"Attendance"	"Attend.G"
"1"	2010	30	541	28.7	4.46	4.16	2648	0.96	0.04	0.01	0.25	8.9	8.82	4.11	0.94	3.32	0.24	6.94	0.32	0.04	0.35	38.25	1.364	8.9	1	3.4	7	2.09	0.7	39181597	29593
"2"	2009	30	664	28.4	4.61	4.32	4860	0.97	0.03	0.01	0.25	8.9	8.96	4.28	1.04	3.42	0.24	6.91	0.33	0.03	0.33	38.49	1.39	9.1	1	3.5	7	2.02	0.59	73430580	30218
"3"	2008	30	651	28.6	4.65	4.32	4856	0.97	0.03	0.01	0.24	8.93	9.06	4.29	1	3.36	0.27	6.77	0.34	0.03	0.32	38.64	1.391	9.1	1	3.4	6.8	2.01	0.61	78624315	32382
"4"	2007	30	666	28.7	4.8	4.47	4862	0.98	0.02	0.01	0.25	8.93	9.25	4.44	1.02	3.31	0.27	6.62	0.36	0.03	0.31	38.8	1.406	9.3	1	3.3	6.7	2	0.61	79484718	32696
"5"	2006	30	635	28.8	4.86	4.53	4858	0.97	0.03	0.01	0.25	8.9	9.28	4.48	1.11	3.26	0.29	6.52	0.37	0.03	0.31	38.71	1.408	9.4	1.1	3.3	6.6	2	0.63	76043902	31306
"6"	2005	30	606	29.2	4.59	4.29	4862	0.96	0.04	0.01	0.26	8.89	9.05	4.24	1.03	3.13	0.25	6.3	0.37	0.03	0.3	38.32	1.369	9.2	1	3.2	6.4	2.02	0.63	74915268	30816
"7"	2004	30	632	29.1	4.81	4.46	4856	0.97	0.03	0.01	0.25	8.94	9.17	4.43	1.12	3.34	0.28	6.55	0.38	0.03	0.3	38.83	1.4	9.2	1.1	3.4	6.6	1.96	0.65	73022972	30075
"8"	2003	30	612	28.7	4.73	4.4	4860	0.96	0.04	0.01	0.25	8.92	9.07	4.36	1.07	3.27	0.27	6.34	0.38	0.03	0.32	38.57	1.383	9.1	1.1	3.3	6.4	1.94	0.65	67630052	27831
"9"	2002	30	609	28.8	4.62	4.28	4852	0.96	0.04	0.02	0.25	8.92	8.92	4.24	1.04	3.35	0.3	6.47	0.36	0.03	0.31	38.46	1.376	9	1.1	3.4	6.5	1.93	0.66	67944389	28006
"10"	2001	30	591	28.7	4.78	4.42	4858	0.96	0.04	0.02	0.25	8.91	9.03	4.37	1.12	3.25	0.28	6.67	0.39	0.03	0.31	38.49	1.379	9.1	1.1	3.3	6.7	2.05	0.69	72581101	29881
"11"	2000	30	606	28.8	5.14	4.77	4858	0.95	0.05	0.01	0.24	8.9	9.31	4.72	1.17	3.75	0.25	6.45	0.32	0.03	0.31	39.16	1.468	9.4	1.2	3.8	6.5	1.72	0.71	71358907	29377
"12"	1999	30	585	28.8	5.08	4.71	4856	0.95	0.05	0.01	0.25	8.9	9.33	4.66	1.14	3.68	0.23	6.41	0.33	0.04	0.34	39.06	1.463	9.4	1.2	3.7	6.5	1.74	0.72	70139380	28887
"13"	1998	30	557	28.8	4.79	4.43	4864	0.94	0.06	0.02	0.26	8.93	9.15	4.4	1.04	3.38	0.22	6.56	0.33	0.04	0.33	38.71	1.403	9.2	1	3.4	6.6	1.94	0.71	70601147	29030
"14"	1997	28	534	28.5	4.77	4.39	4532	0.94	0.06	0.02	0.25	8.93	9.15	4.35	1.02	3.46	0.26	6.61	0.32	0.04	0.33	38.73	1.412	9.2	1	3.5	6.7	1.91	0.71	63168689	27876
"15"	1996	28	538	28.3	5.04	4.61	4534	0.94	0.06	0.02	0.25	8.95	9.33	4.58	1.09	3.55	0.3	6.46	0.31	0.04	0.34	39.1	1.44	9.4	1.1	3.6	6.5	1.82	0.74	60097381	26509
"16"	1995	28	552	28.3	4.85	4.45	4034	0.93	0.07	0.02	0.25	8.93	9.17	4.42	1.01	3.53	0.27	6.3	0.3	0.05	0.35	38.85	1.421	9.2	1	3.6	6.4	1.79	0.72	50469236	25021
"17"	1994	28	470	28.6	4.92	4.51	3200	0.92	0.08	0.02	0.24	8.93	9.29	4.48	1.03	3.48	0.32	6.18	0.27	0.05	0.36	38.9	1.43	9.4	1	3.5	6.2	1.78	0.74	50010016	31256
"18"	1993	28	507	28.4	4.6	4.19	4538	0.92	0.08	0.02	0.26	8.93	9.05	4.16	0.89	3.33	0.33	5.8	0.26	0.07	0.32	38.47	1.387	9.1	0.9	3.4	5.8	1.74	0.77	70257938	30964
"19"	1992	26	441	28.6	4.12	3.75	4212	0.9	0.1	0.03	0.26	8.98	8.68	3.74	0.72	3.25	0.31	5.59	0.23	0.05	0.31	38.12	1.328	8.7	0.7	3.3	5.6	1.72	0.73	55870466	26529
"20"	1991	26	475	28.3	4.31	3.91	4208	0.91	0.09	0.03	0.27	8.98	8.69	3.9	0.8	3.32	0.29	5.8	0.22	0.06	0.33	38.2	1.338	8.7	0.8	3.3	5.8	1.74	0.74	56813760	27002
"21"	1990	26	483	28.4	4.26	3.86	4210	0.9	0.1	0.03	0.26	8.92	8.75	3.83	0.79	3.29	0.33	5.67	0.2	0.07	0.32	38.08	1.349	8.8	0.8	3.3	5.7	1.72	0.76	54823768	26044
"22"	1989	26	449	28.6	4.13	3.71	4212	0.89	0.11	0.04	0.25	8.95	8.62	3.69	0.73	3.21	0.34	5.61	0.19	0.1	0.31	37.99	1.321	8.7	0.7	3.2	5.6	1.75	0.8	55173096	26198
"23"	1988	26	438	28.5	4.14	3.73	4200	0.85	0.15	0.04	0.25	8.97	8.63	3.72	0.76	3.09	0.33	5.56	0.22	0.22	0.3	37.95	1.307	8.7	0.8	3.1	5.6	1.8	0.77	52998904	25237
"24"	1987	26	426	28.4	4.72	4.29	4210	0.87	0.13	0.03	0.23	8.93	9	4.26	1.06	3.42	0.31	5.96	0.2	0.08	0.32	38.46	1.391	9.1	1.1	3.4	6	1.74	0.78	52011506	24708
"25"	1986	26	416	28.3	4.41	3.97	4206	0.86	0.14	0.03	0.24	8.96	8.77	3.95	0.91	3.38	0.31	5.87	0.19	0.07	0.31	38.24	1.357	8.8	0.9	3.4	5.9	1.74	0.82	47506203	22589
"26"	1985	26	413	28.3	4.33	3.89	4206	0.85	0.15	0.04	0.23	8.95	8.74	3.87	0.86	3.29	0.32	5.34	0.17	0.05	0.27	38.12	1.344	8.8	0.9	3.3	5.4	1.62	0.81	46824379	22265
"27"	1984	26	393	28.3	4.26	3.81	4210	0.85	0.15	0.04	0.24	8.96	8.88	3.79	0.77	3.16	0.3	5.34	0.16	0.07	0.27	38.14	1.345	8.9	0.8	3.2	5.4	1.69	0.84	44742863	21255
"28"	1983	26	390	28.5	4.31	3.87	4218	0.82	0.18	0.04	0.23	8.95	8.88	3.85	0.78	3.2	0.33	5.15	0.17	0.06	0.26	38.08	1.35	8.9	0.8	3.2	5.2	1.61	0.83	45540338	21593
"29"	1982	26	376	28.4	4.3	3.86	4214	0.83	0.17	0.04	0.22	8.99	8.93	3.86	0.8	3.16	0.31	5.04	0.16	0.06	0.26	38.23	1.345	8.9	0.8	3.2	5	1.6	0.82	44587874	21161
"30"	1981	26	360	28.3	4	3.58	2788	0.82	0.18	0.05	0.22	9	8.66	3.58	0.64	3.18	0.32	4.75	0.17	0.06	0.26	37.98	1.316	8.7	0.6	3.2	4.7	1.49	0.83	26544376	19041
"31"	1980	26	379	28	4.29	3.84	4210	0.8	0.2	0.04	0.21	8.99	9.06	3.84	0.73	3.13	0.34	4.8	0.16	0.06	0.24	38.29	1.356	9.1	0.7	3.1	4.8	1.53	0.86	43014136	20434
"32"	1979	26	390	27.8	4.46	4	4198	0.78	0.22	0.04	0.2	8.93	9.03	3.97	0.82	3.24	0.33	4.77	0.18	0.04	0.27	38.2	1.374	9.1	0.8	3.3	4.8	1.47	0.86	43550398	20748
"33"	1978	26	369	27.6	4.1	3.69	4204	0.75	0.25	0.06	0.19	8.92	8.68	3.65	0.7	3.23	0.32	4.77	0.18	0.06	0.25	37.87	1.335	8.8	0.7	3.3	4.8	1.48	0.86	40636886	19332
"34"	1977	26	371	27.4	4.47	4	4206	0.78	0.22	0.04	0.2	8.97	9.04	3.99	0.87	3.27	0.31	5.16	0.19	0.06	0.28	38.41	1.372	9.1	0.9	3.3	5.2	1.58	0.88	38709779	18406
"35"	1976	24	325	27.5	3.99	3.51	3878	0.73	0.27	0.07	0.18	9.01	8.66	3.52	0.58	3.2	0.3	4.83	0.18	0.05	0.27	38.06	1.317	8.7	0.6	3.2	4.8	1.51	0.89	31318331	16151
"36"	1975	24	339	27.6	4.21	3.71	3868	0.73	0.27	0.06	0.17	8.98	8.75	3.7	0.7	3.46	0.35	4.98	0.2	0.05	0.3	38.42	1.361	8.8	0.7	3.5	5	1.44	0.96	29789913	15403
"37"	1974	24	344	27.6	4.12	3.63	3890	0.72	0.28	0.06	0.13	8.98	8.73	3.62	0.68	3.33	0.35	5.01	0.2	0.05	0.28	38.27	1.343	8.7	0.7	3.3	5	1.5	0.92	30025608	15437
"38"	1973	24	330	27.5	4.21	3.75	3886	0.73	0.27	0.06	0.21	8.98	8.75	3.74	0.8	3.37	0.35	5.24	0.19	0.02	0.31	38.29	1.351	8.8	0.8	3.4	5.3	1.55	0.89	30108926	15496
"39"	1972	24	339	27.2	3.69	3.26	3718	0.73	0.27	0.08	0.2	9	8.19	3.26	0.68	3.15	0.37	5.57	0.2	0.02	0.29	37.64	1.26	8.2	0.7	3.2	5.6	1.77	0.85	26968268	14506
"40"	1971	24	343	27.1	3.89	3.47	3876	0.72	0.28	0.07	0.18	8.97	8.4	3.46	0.74	3.23	0.36	5.41	0.21	0.03	0.29	37.85	1.297	8.4	0.7	3.2	5.4	1.67	0.81	29193417	15063
"41"	1970	24	363	27.1	4.34	3.89	3888	0.78	0.22	0.05	0.23	8.97	8.63	3.87	0.88	3.53	0.38	5.75	0.21	0.03	0.32	38.41	1.356	8.7	0.9	3.5	5.8	1.63	0.86	28747333	14787
"42"	1969	24	360	27.1	4.07	3.61	3892	0.75	0.25	0.06	0.19	8.96	8.37	3.6	0.8	3.45	0.37	5.77	0.23	0.03	0.33	38.08	1.319	8.4	0.8	3.5	5.8	1.67	0.88	27229666	13992
"43"	1968	20	287	27.2	3.42	2.98	3250	0.72	0.28	0.09	0.18	8.99	7.91	2.98	0.61	2.82	0.38	5.89	0.24	0.03	0.31	37.18	1.193	7.9	0.6	2.8	5.9	2.09	0.85	23102745	14217
"44"	1967	20	315	27.2	3.77	3.3	3240	0.76	0.24	0.07	0.2	9.01	8.17	3.31	0.71	2.98	0.4	5.99	0.23	0.03	0.3	37.61	1.238	8.2	0.7	3	6	2.01	0.84	24308353	15005
"45"	1966	20	310	27.4	3.99	3.52	3230	0.77	0.23	0.06	0.21	8.99	8.42	3.52	0.85	2.89	0.34	5.82	0.21	0.03	0.32	37.67	1.258	8.4	0.8	2.9	5.8	2.02	0.89	25182209	15592
"46"	1965	20	299	27.7	3.99	3.5	3246	0.77	0.23	0.06	0.21	8.99	8.3	3.5	0.83	3.09	0.35	5.94	0.22	0.02	0.32	37.82	1.267	8.3	0.8	3.1	5.9	1.92	0.88	22441900	13827
"47"	1964	20	311	27.7	4.04	3.58	3252	0.75	0.25	0.07	0.21	8.96	8.51	3.56	0.85	2.96	0.31	5.91	0.21	0.02	0.3	37.82	1.28	8.5	0.9	3	5.9	2	0.88	21280341	13087
"48"	1963	20	299	28	3.95	3.46	3238	0.73	0.27	0.07	0.18	8.99	8.35	3.45	0.84	2.96	0.29	5.8	0.22	0.06	0.28	37.79	1.259	8.4	0.8	3	5.8	1.96	0.9	20477074	12647
"49"	1962	20	304	27.7	4.46	3.96	3242	0.74	0.26	0.05	0.19	8.95	8.8	3.93	0.93	3.37	0.25	5.42	0.22	0.03	0.29	38.42	1.36	8.8	0.9	3.4	5.5	1.61	0.9	21375215	13186
"50"	1961	18	254	27.6	4.53	4.03	2860	0.74	0.26	0.05	0.18	8.9	8.76	3.98	0.95	3.46	0.26	5.23	0.2	0.02	0.27	38.31	1.374	8.9	1	3.5	5.3	1.51	0.93	18894518	13212
"51"	1960	16	238	27.6	4.31	3.82	2472	0.73	0.27	0.06	0.17	8.98	8.67	3.81	0.86	3.39	0.3	5.18	0.2	0.02	0.24	38.34	1.343	8.7	0.9	3.4	5.2	1.53	0.88	19911489	16109
"52"	1959	16	243	27.9	4.38	3.9	2476	0.7	0.3	0.06	0.15	8.93	8.74	3.87	0.91	3.31	0.29	5.09	0.2	0.02	0.22	38.26	1.349	8.8	0.9	3.3	5.1	1.54	0.9	19143979	15463
"53"	1958	16	250	28	4.28	3.86	2470	0.7	0.3	0.05	0.16	8.93	8.75	3.83	0.91	3.29	0.28	4.95	0.2	0.03	0.21	38.12	1.349	8.8	0.9	3.3	5	1.5	0.84	17460630	14138
"54"	1957	16	249	28	4.31	3.83	2470	0.71	0.29	0.06	0.16	9.05	8.85	3.85	0.89	3.31	0.3	4.84	0.21	0.02	0.19	38.62	1.344	8.8	0.9	3.3	4.8	1.46	0.86	17015819	13777
"55"	1956	16	241	28.5	4.45	3.96	2478	0.69	0.31	0.05	0.15	8.92	8.74	3.93	0.93	3.63	0.32	4.64	0.19	0.02	0.2	38.43	1.387	8.8	0.9	3.7	4.7	1.28	0.91	16543250	13352
"56"	1955	16	258	28.2	4.49	4	2468	0.7	0.3	0.06	0.15	8.92	8.76	3.96	0.9	3.67	0.3	4.39	0.21	0.01	0.19	38.5	1.393	8.8	0.9	3.7	4.4	1.2	0.9	16617383	13466
"57"	1954	16	225	28.5	4.38	3.9	2474	0.66	0.34	0.07	0.14	8.94	8.86	3.87	0.78	3.65	NA	4.13	0.18	0.02	0.16	38.62	1.398	8.9	0.8	3.7	4.2	1.13	0.92	15935883	12882
"58"	1953	16	218	29.2	4.61	4.14	2480	0.65	0.35	0.06	0.14	8.88	9.06	4.09	0.84	3.5	NA	4.12	0.2	0.02	0.19	38.48	1.414	9.2	0.8	3.5	4.2	1.18	0.91	14383797	11599
"59"	1952	16	236	29.2	4.18	3.7	2478	0.62	0.38	0.07	0.12	8.96	8.58	3.69	0.69	3.55	NA	4.19	0.19	0.02	0.16	38.26	1.353	8.6	0.7	3.6	4.2	1.18	0.92	14633044	11810
"60"	1951	16	220	28.9	4.55	4.04	2478	0.62	0.38	0.07	0.11	8.96	8.96	4.02	0.75	3.74	NA	3.77	0.18	0.03	0.18	38.74	1.416	9	0.8	3.8	3.8	1.01	0.97	16126676	13015
"61"	1950	16	231	28.5	4.85	4.36	2476	0.6	0.4	0.06	0.12	8.87	9.11	4.3	0.84	4.02	NA	3.86	0.18	0.05	0.17	38.92	1.48	9.2	0.8	4.1	3.9	0.96	0.95	17462977	14105
"62"	1949	16	214	28.7	4.61	4.12	2480	0.61	0.39	0.07	0.1	8.89	8.93	4.07	0.69	4.04	NA	3.61	0.15	0.02	0.18	38.65	1.459	9	0.7	4.1	3.7	0.89	0.92	20215365	16302
"63"	1948	16	235	28.6	4.57	4.12	2474	0.64	0.36	0.06	0.13	8.86	8.98	4.06	0.63	3.89	NA	3.65	0.14	0.02	0.18	38.6	1.452	9.1	0.6	3.9	3.7	0.94	0.95	20920842	16912
"64"	1947	16	231	29.3	4.35	3.89	2486	0.61	0.39	0.07	0.12	8.87	8.85	3.83	0.63	3.7	NA	3.67	0.12	0.02	0.16	38.19	1.415	9	0.6	3.8	3.7	0.99	0.9	19874539	15989
"65"	1946	16	275	29.7	4.01	3.46	2484	0.58	0.42	0.08	0.09	8.92	8.67	3.43	0.49	3.54	NA	3.89	0.13	0.01	0.14	38.24	1.369	8.8	0.5	3.6	3.9	1.1	1.03	18523289	14914
"66"	1945	16	236	30.2	4.18	3.58	2460	0.54	0.46	0.08	0.09	8.94	8.94	3.56	0.41	3.37	NA	3.27	0.14	0.02	0.15	38.51	1.377	9	0.4	3.4	3.3	0.97	1.1	10841123	8813
"67"	1944	16	226	29.8	4.17	3.52	2484	0.55	0.45	0.07	0.09	8.99	8.98	3.52	0.42	3.19	NA	3.29	0.14	0.02	0.16	38.51	1.354	9	0.4	3.2	3.3	1.03	1.12	8772746	7063
"68"	1943	16	219	29.7	3.91	3.33	2476	0.56	0.44	0.08	0.1	9.05	8.67	3.35	0.37	3.37	NA	3.46	0.13	0.02	0.14	38.41	1.331	8.6	0.4	3.4	3.4	1.03	1.06	7465911	6030
"69"	1942	16	215	29	4.08	3.48	2448	0.54	0.46	0.07	0.08	8.97	8.65	3.47	0.44	3.43	NA	3.4	0.14	0.02	0.16	38.37	1.346	8.7	0.4	3.4	3.4	0.99	1.11	8553569	6988
"70"	1941	16	228	29	4.49	3.89	2488	0.56	0.44	0.07	0.09	8.92	9.06	3.86	0.53	3.57	NA	3.55	0.12	0.01	0.19	38.78	1.416	9.1	0.5	3.6	3.6	0.99	1.12	9689603	7789
"71"	1940	16	224	29	4.68	4.11	2472	0.56	0.44	0.06	0.1	8.92	9.31	4.08	0.64	3.34	NA	3.66	0.14	0.02	0.18	38.8	1.418	9.4	0.6	3.4	3.7	1.1	1.15	9823484	7947
"72"	1939	16	229	29	4.82	4.27	2462	0.58	0.42	0.05	0.1	8.87	9.49	4.2	0.59	3.44	NA	3.46	0.14	0.02	0.18	38.96	1.459	9.6	0.6	3.5	3.5	1	1.15	8977779	7293
"73"	1938	16	214	28.9	4.89	4.28	2446	0.55	0.45	0.05	0.09	8.85	9.52	4.21	0.6	3.53	NA	3.41	0.14	0.02	0.17	38.98	1.474	9.7	0.6	3.6	3.5	0.97	1.13	9006511	7364
"74"	1937	16	208	29	4.87	4.27	2478	0.55	0.45	0.06	0.09	8.84	9.59	4.19	0.58	3.41	NA	3.63	0.13	0.02	0.16	38.79	1.47	9.8	0.6	3.5	3.7	1.07	1.13	8940063	7215
"75"	1936	16	207	28.7	5.2	4.52	2476	0.57	0.43	0.05	0.1	8.9	10.04	4.47	0.55	3.4	NA	3.33	0.17	0.02	0.22	39.52	1.509	10.1	0.6	3.4	3.4	0.98	1.18	8082613	6528
"76"	1935	16	201	28.5	4.9	4.24	2456	0.55	0.45	0.06	0.08	8.91	9.8	4.19	0.54	3.19	NA	3.26	0.16	0.02	0.17	39.16	1.457	9.9	0.5	3.2	3.3	1.02	1.17	7345316	5981
"77"	1934	16	202	28.8	4.9	4.28	2446	0.57	0.43	0.06	0.09	8.88	9.8	4.22	0.55	3.21	NA	3.45	0.14	0.02	0.17	39.05	1.466	9.9	0.6	3.3	3.5	1.07	1.14	6963711	5693
"78"	1933	16	184	29.4	4.48	3.81	2452	0.54	0.45	0.07	0.09	8.93	9.37	3.78	0.44	3	NA	3.04	0.14	0.01	0.16	38.62	1.384	9.4	0.4	3	3.1	1.01	1.11	6089031	4966
"79"	1932	16	196	29.1	4.91	4.18	2466	0.54	0.46	0.05	0.08	8.97	9.78	4.16	0.55	3.06	NA	3.19	0.15	0.02	0.15	39.17	1.43	9.8	0.6	3.1	3.2	1.04	1.19	6974566	5656
"80"	1931	16	189	29.2	4.81	4.12	2472	0.52	0.48	0.05	0.08	8.9	9.72	4.07	0.43	3.1	NA	3.2	0.15	0.02	0.14	38.94	1.442	9.8	0.4	3.1	3.2	1.03	1.21	8467107	6850
"81"	1930	16	199	29	5.55	4.81	2468	0.55	0.44	0.04	0.09	8.86	10.37	4.73	0.63	3.1	NA	3.21	0.16	0.01	0.15	39.39	1.521	10.5	0.6	3.1	3.3	1.04	1.23	10132262	8210
"82"	1929	16	206	29.3	5.19	4.48	2458	0.52	0.48	0.05	0.09	8.89	10.03	4.42	0.55	3.26	NA	2.86	0.16	0.02	0.14	39.21	1.494	10.1	0.6	3.3	2.9	0.88	1.19	9588183	7801
"83"	1928	16	210	29.1	4.72	4.01	2462	0.52	0.48	0.05	0.09	8.94	9.63	3.99	0.44	3.11	NA	2.88	0.19	0.01	0.12	38.78	1.426	9.7	0.4	3.1	2.9	0.93	1.22	9102285	7394
"84"	1927	16	210	29.2	4.75	4.02	2472	0.51	0.48	0.05	0.08	8.9	9.71	3.98	0.37	3.01	NA	2.79	0.2	0.02	0.14	38.66	1.428	9.8	0.4	3	2.8	0.93	1.3	9922868	8028
"85"	1926	16	198	29	4.63	3.92	2468	0.53	0.47	0.05	0.08	8.88	9.53	3.87	0.35	3.11	NA	2.76	0.19	0.02	0.13	38.52	1.423	9.7	0.4	3.2	2.8	0.89	1.27	9832982	7968
"86"	1925	16	207	29.1	5.13	4.33	2456	0.51	0.49	0.04	0.07	8.89	10.15	4.28	0.48	3.16	0.29	2.72	0.2	0.01	0.14	39.19	1.497	10.3	0.5	3.2	2.8	0.86	1.34	9540555	7769
"87"	1924	16	218	28.4	4.75	4.05	2462	0.51	0.49	0.06	0.07	8.91	9.83	4.01	0.36	2.99	0.3	2.69	0.22	0.02	0.14	38.73	1.439	9.9	0.4	3	2.7	0.9	1.24	9596083	7795
"88"	1923	16	206	28.3	4.81	3.99	2466	0.5	0.5	0.05	0.07	8.96	9.81	3.97	0.4	3.08	0.29	2.84	0.25	0.02	0.14	39	1.439	9.9	0.4	3.1	2.9	0.92	1.35	8672406	7033
"89"	1922	16	207	27.7	4.86	4.06	2476	0.5	0.5	0.06	0.06	8.92	9.93	4.03	0.43	2.92	0.27	2.8	0.25	0.02	0.15	38.84	1.439	10	0.4	2.9	2.8	0.96	1.3	8816175	7121
"90"	1921	16	202	27.6	4.85	4.03	2458	0.48	0.52	0.05	0.07	8.95	10.07	4.01	0.38	2.78	0.27	2.83	0.23	0.02	0.15	38.89	1.435	10.1	0.4	2.8	2.8	1.02	1.39	8607312	7003
"91"	1920	16	208	27.7	4.36	3.46	2468	0.43	0.57	0.07	0.06	9.02	9.43	3.47	0.26	2.76	0.3	2.95	0.22	0.02	0.17	37.73	1.352	9.4	0.3	2.8	2.9	1.07	1.42	9120875	7391
"92"	1919	16	197	27.5	3.87	3.07	2236	0.42	0.58	0.08	0.04	8.99	8.77	3.06	0.2	2.67	NA	3.07	0.24	0.02	0.17	37	1.272	8.8	0.2	2.7	3.1	1.15	1.42	6532439	5842
"93"	1918	16	203	27.2	3.63	2.77	2032	0.37	0.63	0.1	0.06	9.05	8.4	2.78	0.12	2.82	0.36	2.89	0.23	0.01	0.15	37.27	1.239	8.3	0.1	2.8	2.9	1.03	1.51	3080126	3031
"94"	1917	16	175	26.7	3.58	2.68	2494	0.45	0.55	0.1	0.07	9.02	8.16	2.69	0.13	2.76	NA	3.46	0.23	0.02	0.17	36.53	1.21	8.1	0.1	2.8	3.5	1.25	1.5	5219994	4186
"95"	1916	16	187	26.6	3.56	2.72	2494	0.47	0.53	0.09	0.07	9.03	8.14	2.73	0.15	2.84	NA	3.82	0.25	0.02	0.2	36.48	1.217	8.1	0.2	2.8	3.8	1.34	1.52	6503519	5215
"96"	1915	24	285	26.7	3.81	2.9	3728	0.45	0.55	0.09	0.06	8.94	8.17	2.88	0.17	2.98	NA	3.79	0.27	0.02	0.2	36.34	1.248	8.2	0.2	3	3.8	1.27	1.58	4864826	2609
"97"	1914	24	264	26.5	3.86	2.91	3760	0.45	0.55	0.09	0.06	8.91	8.27	2.88	0.19	2.96	NA	3.98	0.27	0.01	0.21	36.38	1.261	8.4	0.2	3	4	1.34	1.71	4454988	2369
"98"	1913	16	229	26.3	4.04	3.06	2468	0.46	0.53	0.08	0.07	8.94	8.52	3.04	0.19	2.97	NA	3.83	0.28	0.02	0.21	36.81	1.285	8.6	0.2	3	3.9	1.29	1.64	6358336	5152
"99"	1912	16	238	26.4	4.52	3.37	2464	0.41	0.58	0.06	0.05	8.88	8.92	3.32	0.18	3.11	NA	3.97	0.29	0.02	0.23	37.22	1.355	9	0.2	3.2	4	1.28	1.81	5999390	4869
"100"	1911	16	213	26.8	4.51	3.36	2474	0.42	0.58	0.07	0.06	8.91	8.85	3.33	0.21	3.2	NA	4	0.34	0.02	0.22	37	1.352	8.9	0.2	3.2	4	1.25	1.83	6571282	5312
"101"	1910	16	202	27.1	3.84	2.77	2498	0.38	0.62	0.09	0.05	8.96	8.14	2.76	0.14	3	NA	3.92	0.32	0.01	0.22	35.97	1.243	8.2	0.1	3	3.9	1.31	1.78	6206447	4969
"102"	1909	16	203	27.1	3.55	2.53	2482	0.35	0.65	0.11	0.05	8.95	7.91	2.52	0.1	2.68	NA	3.77	0.31	0.02	0.23	35.69	1.184	8	0.1	2.7	3.8	1.4	1.81	7236290	5831
"103"	1908	16	172	27.9	3.38	2.37	2488	0.33	0.67	0.12	0.04	8.97	7.73	2.36	0.11	2.46	NA	3.66	0.31	0.01	0.19	35.59	1.137	7.8	0.1	2.5	3.7	1.49	1.7	7123474	5726
"104"	1907	16	161	28.1	3.53	2.5	2466	0.26	0.74	0.11	0.04	8.85	7.97	2.46	0.1	2.56	NA	3.53	0.31	0.01	0.19	35.48	1.19	8.1	0.1	2.6	3.6	1.38	1.72	6038984	4897
"105"	1906	16	155	27.9	3.62	2.66	2456	0.22	0.78	0.11	0.04	8.84	8.02	2.61	0.11	2.55	NA	3.7	0.31	0.01	0.19	35.64	1.196	8.2	0.1	2.6	3.8	1.45	1.73	5719289	4657
"106"	1905	16	144	27.7	3.9	2.82	2474	0.2	0.8	0.09	0.02	8.88	8.17	2.78	0.14	2.54	NA	3.87	0.34	0.01	0.22	35.96	1.205	8.3	0.1	2.6	3.9	1.53	1.83	5855062	4733
"107"	1904	16	129	27.5	3.73	2.66	2498	0.12	0.88	0.1	0.02	8.81	8.15	2.6	0.13	2.3	NA	3.72	0.32	0.02	0.2	35.84	1.186	8.3	0.1	2.3	3.8	1.62	1.88	5688299	4554
"108"	1903	16	141	27.2	4.44	3.11	2228	0.14	0.86	0.07	0.02	8.82	8.87	3.05	0.15	2.44	NA	3.58	0.34	0.01	0.2	36.64	1.284	9.1	0.2	2.5	3.6	1.46	2.1	4735250	4250
"109"	1902	16	160	26.6	4.43	3.17	2234	0.12	0.87	0.07	0.01	8.83	9.11	3.11	0.16	2.44	NA	2.98	0.34	0.01	0.18	36.96	1.307	9.3	0.2	2.5	3	1.22	2.13	3889466	3482
"110"	1901	16	139	26.4	4.99	3.49	2220	0.14	0.86	0.05	0.02	8.8	9.44	3.41	0.2	2.46	NA	3.14	0.39	0.01	0.21	37.62	1.352	9.7	0.2	2.5	3.2	1.28	2.4	3603615	3246
"111"	1900	8	70	27.1	5.21	3.69	1138	0.18	0.82	0.06	0.01	8.71	9.6	3.58	0.22	2.67	NA	2.37	0.47	0.01	0.19	37.54	1.408	9.9	0.2	2.8	2.4	0.89	2.42	1829490	3215
"112"	1899	12	119	26.3	5.24	3.85	1846	0.13	0.86	0.05	0.02	8.61	9.61	3.68	0.19	2.7	NA	2.09	0.48	0.03	0.2	37.28	1.43	10	0.2	2.8	2.2	0.78	2.41	2541485	2753
"113"	1898	12	113	25.8	4.96	3.6	1842	0.13	0.87	0.05	0.01	8.66	9.2	3.47	0.16	2.76	NA	2.31	0.48	0.01	0.21	37.3	1.382	9.6	0.2	2.9	2.4	0.83	2.38	2372089	2575
"114"	1897	12	98	25.6	5.88	4.3	1622	0.16	0.84	0.03	0.02	8.63	10.19	4.13	0.23	2.92	NA	2.3	0.46	0	0.25	38.35	1.518	10.6	0.2	3	2.4	0.79	2.48	2886842	3559
"115"	1896	12	108	25.8	6.04	4.36	1584	0.18	0.82	0.03	0.02	8.69	10.19	4.21	0.26	3.06	NA	2.22	0.4	0	0.26	38.6	1.526	10.6	0.3	3.2	2.3	0.73	2.58	2900973	3662
"116"	1895	12	105	25.6	6.58	4.77	1598	0.19	0.81	0.03	0.03	8.64	10.53	4.58	0.31	3.2	NA	2.27	0.42	0	0.25	39.2	1.59	11	0.3	3.3	2.4	0.71	2.89	2889271	3616
"117"	1894	12	115	25.3	7.38	5.33	1598	0.19	0.81	0.02	0.02	8.66	11.14	5.12	0.39	3.67	NA	2.09	0.38	0	0.31	40.12	1.712	11.6	0.4	3.8	2.2	0.57	3.04	2427573	3038
"118"	1893	12	98	25.1	6.57	4.66	1570	0.18	0.82	0.03	0.02	8.83	10.14	4.57	0.29	3.91	NA	2.13	0.41	0	0.33	40.59	1.591	10.3	0.3	4	2.2	0.54	2.92	2224752	2834
"119"	1892	12	92	25.3	5.09	3.28	1842	0.12	0.88	0.05	0.01	8.74	8.49	3.19	0.23	3.35	NA	3.25	0.3	0	0.33	38.37	1.355	8.7	0.2	3.5	3.3	0.97	3.03	1822587	1978
"120"	1891	17	127	24.7	5.7	3.53	2218	0.14	0.86	0.04	0.02	8.77	8.89	3.44	0.26	3.62	NA	3.45	0.44	0	0.46	39.12	1.426	9.1	0.3	3.7	3.5	0.95	3.18	1332730	1201
"121"	1890	25	186	24.6	6.01	3.88	3216	0.11	0.89	0.04	0.01	8.74	9.14	3.77	0.24	3.64	NA	3.4	0.42	0.01	0.5	39.25	1.461	9.4	0.2	3.7	3.5	0.93	3.32	776042	482
"122"	1889	16	122	24.4	5.96	3.93	2180	0.11	0.89	0.04	0.02	8.72	9.22	3.81	0.31	3.36	NA	3.53	0.36	0	0.52	38.77	1.442	9.5	0.3	3.5	3.6	1.05	3.42	NA	NA
"123"	1888	16	117	23.9	4.87	2.95	2184	0.04	0.96	0.07	0	8.82	8.24	2.89	0.24	2.16	NA	3.77	0.38	0	0.61	37.11	1.18	8.4	0.2	2.2	3.8	1.74	3.44	NA	NA
"124"	1887	16	130	24.3	6.34	4.17	2116	0.04	0.95	0.03	0.01	8.68	9.56	4.03	0.29	2.86	NA	2.8	0.35	0	0.61	38.48	1.43	9.9	0.3	3	2.9	0.98	3.81	NA	NA
"125"	1886	16	132	24.8	5.47	3.37	2104	0.04	0.95	0.05	0.01	8.69	8.54	3.25	0.2	2.65	NA	4.3	0.15	0	0.7	37.53	1.288	8.8	0.2	2.7	4.5	1.62	3.77	NA	NA
"126"	1885	16	108	24.5	5.22	3.03	1780	0.04	0.96	0.06	0.01	8.83	8.6	2.98	0.18	1.98	NA	3.77	0.19	0.02	0.68	37.42	1.198	8.8	0.2	2	3.8	1.9	3.94	NA	NA
"127"	1884	33	205	24.1	5.42	3.11	3088	0.06	0.93	0.06	0.01	8.73	8.61	3.01	0.22	1.6	NA	4.8	0.15	0	0.71	37.37	1.17	8.9	0.2	1.7	5	3	4.71	NA	NA
"128"	1883	16	86	25.2	5.75	3.22	1570	0.08	0.92	0.05	0.01	8.84	9.44	3.16	0.15	1.48	NA	3.37	NA	0	0.5	38.24	1.236	9.6	0.2	1.5	3.4	2.27	4.88	NA	NA
"129"	1882	14	69	25.1	5.33	2.8	1144	0.05	0.94	0.06	0	8.87	9.03	2.76	0.16	1.39	NA	2.92	NA	0	0.52	37.88	1.174	9.2	0.2	1.4	3	2.11	4.76	NA	NA
"130"	1881	8	29	23.8	5.1	2.77	672	0.06	0.94	0.08	0	8.91	9.42	2.75	0.11	1.54	NA	2.65	NA	0.01	0.51	37.81	1.23	9.5	0.1	1.6	2.7	1.72	4.14	NA	NA
"131"	1880	8	32	22.9	4.69	2.37	680	0.11	0.89	0.07	0.02	8.87	8.74	2.34	0.09	1.09	NA	2.92	NA	NA	0.43	36.83	1.108	8.9	0.1	1.1	3	2.69	4.34	NA	NA
"132"	1879	8	25	23.1	5.31	2.5	642	0.05	0.95	0.07	0	9.03	9.61	2.5	0.09	0.79	NA	2.87	NA	NA	0.57	38.42	1.152	9.6	0.1	0.8	2.9	3.63	4.87	NA	NA
"133"	1878	6	21	21.9	5.17	2.3	368	0.04	0.96	0.07	0	9.03	9.61	2.31	0.06	0.99	NA	2.94	NA	NA	0.64	38.09	1.174	9.6	0.1	1	2.9	2.97	4.83	NA	NA
"134"	1877	6	19	24.2	5.67	2.81	360	0.09	0.91	0.06	0.01	9	10.29	2.81	0.07	0.96	NA	2.02	NA	NA	0.56	38.91	1.25	10.3	0.1	1	2	2.1	5.16	NA	NA
"135"	1876	8	34	24.4	5.9	2.31	520	0.09	0.91	0.09	0.03	9.11	10.27	2.34	0.08	0.65	NA	1.13	NA	NA	0.36	39.49	1.197	10.1	0.1	0.6	1.1	1.75	6.01	NA	NA
"136"	1875	13	42	24.1	6.14	2.23	690	0.1	0.9	0.07	0.03	8.97	9.87	2.22	0.06	0.36	NA	0.98	NA	0.01	0.48	39.25	1.141	9.9	0.1	0.4	1	2.71	6.96	NA	NA
"137"	1874	8	17	24.7	7.48	2.19	464	0.05	0.95	0.03	0.01	8.99	11.26	2.19	0.09	0.51	NA	0.77	NA	NA	0.27	41.69	1.31	11.3	0.1	0.5	0.8	1.5	8.14	NA	NA
"138"	1873	9	25	23.3	8.99	3.4	398	0.09	0.91	0.02	0.02	9.01	12.38	3.4	0.12	0.84	NA	0.7	NA	0	0.31	43.45	1.468	12.4	0.1	0.8	0.7	0.83	8.02	NA	NA
"139"	1872	11	21	22.2	9.26	3.66	366	0.11	0.89	0.03	0.02	8.98	12.2	3.65	0.1	0.72	NA	0.72	NA	0.01	0.55	43.52	1.439	12.2	0.1	0.7	0.7	1.01	7.5	NA	NA
"140"	1871	9	19	24.6	10.47	4.22	254	0.09	0.91	0.02	0.02	8.86	12.21	4.15	0.19	1.55	NA	0.69	NA	0.01	0.82	44.15	1.553	12.4	0.2	1.6	0.7	0.45	7.61	NA	NA
